45,52
45,51
45,50
45,49
45,48
45,47
45,46
45,45
45,44
45,43
45,42
45,41
45,40
45,39
45,38
45,37
45,36
0,273
0,270
45,35
3,1
3,3
39,5
39,4
39,3
39,2
39,1
39,0
37,4
10,102
37,3
37,1
33,5
33,4
10,32
33,3
33,1
31,4
10,214
31,3
31,1
30,4
10,266
30,3
30,1
10,112
26,3
26,1
10,278
25,3
25,1
10,280
10,100
24,3
24,1
11,27
11,26
11,25
11,14
11,8
11,10
11,12
11,24
11,23
11,16
11,3
8,17
8,9
8,18
8,12
8,8
12,2
12,1
12,3
20,2
20,1
20,3
19,2
19,1
19,3
11,22
11,21
11,1
11,20
11,2
10,306
10,298
18,1
10,284
10,182
